X <- data.frame(
  X1 = c(8.07,  3.74,  5.81,  6.42,  5.9,   4.76,  8.38,  4.79,  9.51,  4.86,  
         7.92,  10.11, 1.89,  4.38,  4.7,   6.42,  4.36,  -0.94, -0.46, 7.95,  
         9.46,  8.19,  10.7,  7.38,  5.94,  9.97,  7.19,  8.04,  10.47, 9.72,
         7.25,  12.52, 10.44, 9.2,   9.62,  10.52, 9.2,   2.31,  9.64,  16.31),
  X2 = c(4.31,  1.02,  4.62,  7.72,  9.24,  4.04,  4.42,  1.06,  6.03,  3.57,  
         6.02,  6.58,  7.31,  3.64,  6.13,  1.16,  3.25,  3.1,   -0.4,  5.08,  
         8.18,  9.41,  10.3,  12.13, 7.37,  11.91, 9.75,  11.06, 10.61, 6.67,
         8.8,   10.39, 6.87,  7.79,  10.3,  10.72, 10.04, 7.02,  6.54,  15.09)
)

U_0 <- data.frame(
  X1 = c(0.51, 0.52, 0.41, 0.31, 0.77, 0.29, 0.32, 0.4,  0.32, 0.42, 
         0.57, 0.39, 0.55, 0.89, 0.49, 0.14, 0.59, 0.63, 0.59, 0.46, 
         0.65, 0.83, 0.37, 0.21, 0.7,  0.48, 0.75, 0.73, 0.54, 0.36,
         0.83, 0.3,  0.88, 0.07, 0.06, 0.86, 0.11, 0.57, 0.63, 0.81),
  X2 = c(0.49, 0.48, 0.59, 0.69, 0.23, 0.71, 0.68, 0.6,  0.68, 0.58, 
         0.43, 0.61, 0.45, 0.11, 0.51, 0.86, 0.41, 0.37, 0.41, 0.54, 
         0.35, 0.17, 0.63, 0.79, 0.3,  0.52, 0.25, 0.27, 0.46, 0.64,
         0.17, 0.7,  0.12, 0.93, 0.94, 0.14, 0.89, 0.43, 0.37, 0.19)
)